[gd_scene load_steps=7 format=3 uid="uid://b4q1sgtkxb4xg"]

[ext_resource type="Script" uid="uid://cj05vpf2puggc" path="res://scenes/map_gen/hex_tile.gd" id="1_xon6g"]
[ext_resource type="PackedScene" uid="uid://grmuk28pqgrq" path="res://scenes/map_gen/forest_deco.tscn" id="2_8oknp"]

[sub_resource type="StandardMaterial3D" id="StandardMaterial3D_7itk4"]
transparency = 1
albedo_color = Color(0.498296, 0.594201, 0.378835, 1)

[sub_resource type="CylinderMesh" id="CylinderMesh_xon6g"]
lightmap_size_hint = Vector2i(17, 10)
material = SubResource("StandardMaterial3D_7itk4")
top_radius = 0.48
height = 0.25
radial_segments = 6

[sub_resource type="StandardMaterial3D" id="StandardMaterial3D_8oknp"]
albedo_color = Color(0.370364, 0.370364, 0.370364, 1)

[sub_resource type="CylinderMesh" id="CylinderMesh_grtse"]
material = SubResource("StandardMaterial3D_8oknp")
top_radius = 0.51
bottom_radius = 0.51
height = 0.24
radial_segments = 6

[node name="HexTile" type="Node3D"]
script = ExtResource("1_xon6g")

[node name="TopColor" type="MeshInstance3D" parent="."]
transform = Transform3D(0.866025, 0, 0.5, 0, 1, 0, -0.5, 0, 0.866025, 0, 0, 0)
lod_bias = 0.001
mesh = SubResource("CylinderMesh_xon6g")

[node name="SideColor" type="MeshInstance3D" parent="."]
transform = Transform3D(0.866025, 0, 0.5, 0, 1, 0, -0.5, 0, 0.866025, 0, 0, 0)
mesh = SubResource("CylinderMesh_grtse")

[node name="ForestDeco" parent="." instance=ExtResource("2_8oknp")]
transform = Transform3D(1, 0, 0, 0, 1, 0, 0, 0, 1, 0, 0.260245, 0)

[node name="Camera3D" type="Camera3D" parent="."]
transform = Transform3D(1, 0, 0, 0, 1, 0, 0, 0, 1, 0, 0.20026, 1.60239)

[node name="DirectionalLight3D" type="DirectionalLight3D" parent="."]
transform = Transform3D(1, 0, 0, 0, 0.631339, 0.775507, 0, -0.775507, 0.631339, 0, 0.895273, 1.60239)
